1 2.0 5 6.0 1 2 3 4.0 5 6 7 8.0 9.0  2 2 3 4.0 5 6 7 8.0 9.0  3 2 3 4.0 5 6 7 8.0 9.0  4 2 3 4.0 5 6 7 8.0 9.0  5 2 3 4.0 5 6 7 8.0 9.0  1 2 3 4.0 5 6 7 8.0 9.0  2 2 3 4.0 5 6 7 8.0 9.0  3 2 3 4.0 5 6 7 8.0 9.0  4 2 3 4.0 5 6 7 8.0 9.0  5 2 3 4.0 5 6 7 8.0 9.0 1 2 3 4.0 5 6 7 8.0 9.0  2 2 3 4.0 5 6 7 8.0 9.0  3 2 3 4.0 5 6 7 8.0 9.0  4 2 3 4.0 5 6 7 8.0 9.0  5 2 3 4.0 5 6 7 8.0 9.0  1 2 3 4.0 5 6 7 8.0 9.0  2 2 3 4.0 5 6 7 8.0 9.0  3 2 3 4.0 5 6 7 8.0 9.0  4 2 3 4.0 5 6 7 8.0 9.0  5 2 3 4.0 5 6 7 8.0 9.0  
2 2.0 5 6.0 1 2 3 4.0 5 6 7 8.0 9.0  2 2 3 4.0 5 6 7 8.0 9.0  3 2 3 4.0 5 6 7 8.0 9.0  4 2 3 4.0 5 6 7 8.0 9.0  5 2 3 4.0 5 6 7 8.0 9.0  1 2 3 4.0 5 6 7 8.0 9.0  2 2 3 4.0 5 6 7 8.0 9.0  3 2 3 4.0 5 6 7 8.0 9.0  4 2 3 4.0 5 6 7 8.0 9.0  5 2 3 4.0 5 6 7 8.0 9.0 1 2 3 4.0 5 6 7 8.0 9.0  2 2 3 4.0 5 6 7 8.0 9.0  3 2 3 4.0 5 6 7 8.0 9.0  4 2 3 4.0 5 6 7 8.0 9.0  5 2 3 4.0 5 6 7 8.0 9.0  1 2 3 4.0 5 6 7 8.0 9.0  2 2 3 4.0 5 6 7 8.0 9.0  3 2 3 4.0 5 6 7 8.0 9.0  4 2 3 4.0 5 6 7 8.0 9.0  5 2 3 4.0 5 6 7 8.0 9.0  
3 2.0 5 6.0 1 2 3 4.0 5 6 7 8.0 9.0  2 2 3 4.0 5 6 7 8.0 9.0  3 2 3 4.0 5 6 7 8.0 9.0  4 2 3 4.0 5 6 7 8.0 9.0  5 2 3 4.0 5 6 7 8.0 9.0  1 2 3 4.0 5 6 7 8.0 9.0  2 2 3 4.0 5 6 7 8.0 9.0  3 2 3 4.0 5 6 7 8.0 9.0  4 2 3 4.0 5 6 7 8.0 9.0  5 2 3 4.0 5 6 7 8.0 9.0 1 2 3 4.0 5 6 7 8.0 9.0  2 2 3 4.0 5 6 7 8.0 9.0  3 2 3 4.0 5 6 7 8.0 9.0  4 2 3 4.0 5 6 7 8.0 9.0  5 2 3 4.0 5 6 7 8.0 9.0  1 2 3 4.0 5 6 7 8.0 9.0  2 2 3 4.0 5 6 7 8.0 9.0  3 2 3 4.0 5 6 7 8.0 9.0  4 2 3 4.0 5 6 7 8.0 9.0  5 2 3 4.0 5 6 7 8.0 9.0  
4 2.0 5 6.0 1 2 3 4.0 5 6 7 8.0 9.0  2 2 3 4.0 5 6 7 8.0 9.0  3 2 3 4.0 5 6 7 8.0 9.0  4 2 3 4.0 5 6 7 8.0 9.0  5 2 3 4.0 5 6 7 8.0 9.0  1 2 3 4.0 5 6 7 8.0 9.0  2 2 3 4.0 5 6 7 8.0 9.0  3 2 3 4.0 5 6 7 8.0 9.0  4 2 3 4.0 5 6 7 8.0 9.0  5 2 3 4.0 5 6 7 8.0 9.0 1 2 3 4.0 5 6 7 8.0 9.0  2 2 3 4.0 5 6 7 8.0 9.0  3 2 3 4.0 5 6 7 8.0 9.0  4 2 3 4.0 5 6 7 8.0 9.0  5 2 3 4.0 5 6 7 8.0 9.0  1 2 3 4.0 5 6 7 8.0 9.0  2 2 3 4.0 5 6 7 8.0 9.0  3 2 3 4.0 5 6 7 8.0 9.0  4 2 3 4.0 5 6 7 8.0 9.0  5 2 3 4.0 5 6 7 8.0 9.0  
5 2.0 5 6.0 1 2 3 4.0 5 6 7 8.0 9.0  2 2 3 4.0 5 6 7 8.0 9.0  3 2 3 4.0 5 6 7 8.0 9.0  4 2 3 4.0 5 6 7 8.0 9.0  5 2 3 4.0 5 6 7 8.0 9.0  1 2 3 4.0 5 6 7 8.0 9.0  2 2 3 4.0 5 6 7 8.0 9.0  3 2 3 4.0 5 6 7 8.0 9.0  4 2 3 4.0 5 6 7 8.0 9.0  5 2 3 4.0 5 6 7 8.0 9.0 1 2 3 4.0 5 6 7 8.0 9.0  2 2 3 4.0 5 6 7 8.0 9.0  3 2 3 4.0 5 6 7 8.0 9.0  4 2 3 4.0 5 6 7 8.0 9.0  5 2 3 4.0 5 6 7 8.0 9.0  1 2 3 4.0 5 6 7 8.0 9.0  2 2 3 4.0 5 6 7 8.0 9.0  3 2 3 4.0 5 6 7 8.0 9.0  4 2 3 4.0 5 6 7 8.0 9.0  5 2 3 4.0 5 6 7 8.0 9.0  
6 2.0 5 6.0 1 2 3 4.0 5 6 7 8.0 9.0  2 2 3 4.0 5 6 7 8.0 9.0  3 2 3 4.0 5 6 7 8.0 9.0  4 2 3 4.0 5 6 7 8.0 9.0  5 2 3 4.0 5 6 7 8.0 9.0  1 2 3 4.0 5 6 7 8.0 9.0  2 2 3 4.0 5 6 7 8.0 9.0  3 2 3 4.0 5 6 7 8.0 9.0  4 2 3 4.0 5 6 7 8.0 9.0  5 2 3 4.0 5 6 7 8.0 9.0 1 2 3 4.0 5 6 7 8.0 9.0  2 2 3 4.0 5 6 7 8.0 9.0  3 2 3 4.0 5 6 7 8.0 9.0  4 2 3 4.0 5 6 7 8.0 9.0  5 2 3 4.0 5 6 7 8.0 9.0  1 2 3 4.0 5 6 7 8.0 9.0  2 2 3 4.0 5 6 7 8.0 9.0  3 2 3 4.0 5 6 7 8.0 9.0  4 2 3 4.0 5 6 7 8.0 9.0  5 2 3 4.0 5 6 7 8.0 9.0  
7 2.0 5 6.0 1 2 3 4.0 5 6 7 8.0 9.0  2 2 3 4.0 5 6 7 8.0 9.0  3 2 3 4.0 5 6 7 8.0 9.0  4 2 3 4.0 5 6 7 8.0 9.0  5 2 3 4.0 5 6 7 8.0 9.0  1 2 3 4.0 5 6 7 8.0 9.0  2 2 3 4.0 5 6 7 8.0 9.0  3 2 3 4.0 5 6 7 8.0 9.0  4 2 3 4.0 5 6 7 8.0 9.0  5 2 3 4.0 5 6 7 8.0 9.0 1 2 3 4.0 5 6 7 8.0 9.0  2 2 3 4.0 5 6 7 8.0 9.0  3 2 3 4.0 5 6 7 8.0 9.0  4 2 3 4.0 5 6 7 8.0 9.0  5 2 3 4.0 5 6 7 8.0 9.0  1 2 3 4.0 5 6 7 8.0 9.0  2 2 3 4.0 5 6 7 8.0 9.0  3 2 3 4.0 5 6 7 8.0 9.0  4 2 3 4.0 5 6 7 8.0 9.0  5 2 3 4.0 5 6 7 8.0 9.0  
8 2.0 5 6.0 1 2 3 4.0 5 6 7 8.0 9.0  2 2 3 4.0 5 6 7 8.0 9.0  3 2 3 4.0 5 6 7 8.0 9.0  4 2 3 4.0 5 6 7 8.0 9.0  5 2 3 4.0 5 6 7 8.0 9.0  1 2 3 4.0 5 6 7 8.0 9.0  2 2 3 4.0 5 6 7 8.0 9.0  3 2 3 4.0 5 6 7 8.0 9.0  4 2 3 4.0 5 6 7 8.0 9.0  5 2 3 4.0 5 6 7 8.0 9.0 1 2 3 4.0 5 6 7 8.0 9.0  2 2 3 4.0 5 6 7 8.0 9.0  3 2 3 4.0 5 6 7 8.0 9.0  4 2 3 4.0 5 6 7 8.0 9.0  5 2 3 4.0 5 6 7 8.0 9.0  1 2 3 4.0 5 6 7 8.0 9.0  2 2 3 4.0 5 6 7 8.0 9.0  3 2 3 4.0 5 6 7 8.0 9.0  4 2 3 4.0 5 6 7 8.0 9.0  5 2 3 4.0 5 6 7 8.0 9.0  
9 2.0 5 6.0 1 2 3 4.0 5 6 7 8.0 9.0  2 2 3 4.0 5 6 7 8.0 9.0  3 2 3 4.0 5 6 7 8.0 9.0  4 2 3 4.0 5 6 7 8.0 9.0  5 2 3 4.0 5 6 7 8.0 9.0  1 2 3 4.0 5 6 7 8.0 9.0  2 2 3 4.0 5 6 7 8.0 9.0  3 2 3 4.0 5 6 7 8.0 9.0  4 2 3 4.0 5 6 7 8.0 9.0  5 2 3 4.0 5 6 7 8.0 9.0 1 2 3 4.0 5 6 7 8.0 9.0  2 2 3 4.0 5 6 7 8.0 9.0  3 2 3 4.0 5 6 7 8.0 9.0  4 2 3 4.0 5 6 7 8.0 9.0  5 2 3 4.0 5 6 7 8.0 9.0  1 2 3 4.0 5 6 7 8.0 9.0  2 2 3 4.0 5 6 7 8.0 9.0  3 2 3 4.0 5 6 7 8.0 9.0  4 2 3 4.0 5 6 7 8.0 9.0  5 2 3 4.0 5 6 7 8.0 9.0  
10 2.0 5 6.0 1 2 3 4.0 5 6 7 8.0 9.0  2 2 3 4.0 5 6 7 8.0 9.0  3 2 3 4.0 5 6 7 8.0 9.0  4 2 3 4.0 5 6 7 8.0 9.0  5 2 3 4.0 5 6 7 8.0 9.0  1 2 3 4.0 5 6 7 8.0 9.0  2 2 3 4.0 5 6 7 8.0 9.0  3 2 3 4.0 5 6 7 8.0 9.0  4 2 3 4.0 5 6 7 8.0 9.0  5 2 3 4.0 5 6 7 8.0 9.0 1 2 3 4.0 5 6 7 8.0 9.0  2 2 3 4.0 5 6 7 8.0 9.0  3 2 3 4.0 5 6 7 8.0 9.0  4 2 3 4.0 5 6 7 8.0 9.0  5 2 3 4.0 5 6 7 8.0 9.0  1 2 3 4.0 5 6 7 8.0 9.0  2 2 3 4.0 5 6 7 8.0 9.0  3 2 3 4.0 5 6 7 8.0 9.0  4 2 3 4.0 5 6 7 8.0 9.0  5 2 3 4.0 5 6 7 8.0 9.0  
11 2.0 5 6.0 1 2 3 4.0 5 6 7 8.0 9.0  2 2 3 4.0 5 6 7 8.0 9.0  3 2 3 4.0 5 6 7 8.0 9.0  4 2 3 4.0 5 6 7 8.0 9.0  5 2 3 4.0 5 6 7 8.0 9.0  1 2 3 4.0 5 6 7 8.0 9.0  2 2 3 4.0 5 6 7 8.0 9.0  3 2 3 4.0 5 6 7 8.0 9.0  4 2 3 4.0 5 6 7 8.0 9.0  5 2 3 4.0 5 6 7 8.0 9.0 1 2 3 4.0 5 6 7 8.0 9.0  2 2 3 4.0 5 6 7 8.0 9.0  3 2 3 4.0 5 6 7 8.0 9.0  4 2 3 4.0 5 6 7 8.0 9.0  5 2 3 4.0 5 6 7 8.0 9.0  1 2 3 4.0 5 6 7 8.0 9.0  2 2 3 4.0 5 6 7 8.0 9.0  3 2 3 4.0 5 6 7 8.0 9.0  4 2 3 4.0 5 6 7 8.0 9.0  5 2 3 4.0 5 6 7 8.0 9.0  
12 2.0 5 6.0 1 2 3 4.0 5 6 7 8.0 9.0  2 2 3 4.0 5 6 7 8.0 9.0  3 2 3 4.0 5 6 7 8.0 9.0  4 2 3 4.0 5 6 7 8.0 9.0  5 2 3 4.0 5 6 7 8.0 9.0  1 2 3 4.0 5 6 7 8.0 9.0  2 2 3 4.0 5 6 7 8.0 9.0  3 2 3 4.0 5 6 7 8.0 9.0  4 2 3 4.0 5 6 7 8.0 9.0  5 2 3 4.0 5 6 7 8.0 9.0 1 2 3 4.0 5 6 7 8.0 9.0  2 2 3 4.0 5 6 7 8.0 9.0  3 2 3 4.0 5 6 7 8.0 9.0  4 2 3 4.0 5 6 7 8.0 9.0  5 2 3 4.0 5 6 7 8.0 9.0  1 2 3 4.0 5 6 7 8.0 9.0  2 2 3 4.0 5 6 7 8.0 9.0  3 2 3 4.0 5 6 7 8.0 9.0  4 2 3 4.0 5 6 7 8.0 9.0  5 2 3 4.0 5 6 7 8.0 9.0  
13 2.0 5 6.0 1 2 3 4.0 5 6 7 8.0 9.0  2 2 3 4.0 5 6 7 8.0 9.0  3 2 3 4.0 5 6 7 8.0 9.0  4 2 3 4.0 5 6 7 8.0 9.0  5 2 3 4.0 5 6 7 8.0 9.0  1 2 3 4.0 5 6 7 8.0 9.0  2 2 3 4.0 5 6 7 8.0 9.0  3 2 3 4.0 5 6 7 8.0 9.0  4 2 3 4.0 5 6 7 8.0 9.0  5 2 3 4.0 5 6 7 8.0 9.0 1 2 3 4.0 5 6 7 8.0 9.0  2 2 3 4.0 5 6 7 8.0 9.0  3 2 3 4.0 5 6 7 8.0 9.0  4 2 3 4.0 5 6 7 8.0 9.0  5 2 3 4.0 5 6 7 8.0 9.0  1 2 3 4.0 5 6 7 8.0 9.0  2 2 3 4.0 5 6 7 8.0 9.0  3 2 3 4.0 5 6 7 8.0 9.0  4 2 3 4.0 5 6 7 8.0 9.0  5 2 3 4.0 5 6 7 8.0 9.0  
14 2.0 5 6.0 1 2 3 4.0 5 6 7 8.0 9.0  2 2 3 4.0 5 6 7 8.0 9.0  3 2 3 4.0 5 6 7 8.0 9.0  4 2 3 4.0 5 6 7 8.0 9.0  5 2 3 4.0 5 6 7 8.0 9.0  1 2 3 4.0 5 6 7 8.0 9.0  2 2 3 4.0 5 6 7 8.0 9.0  3 2 3 4.0 5 6 7 8.0 9.0  4 2 3 4.0 5 6 7 8.0 9.0  5 2 3 4.0 5 6 7 8.0 9.0 1 2 3 4.0 5 6 7 8.0 9.0  2 2 3 4.0 5 6 7 8.0 9.0  3 2 3 4.0 5 6 7 8.0 9.0  4 2 3 4.0 5 6 7 8.0 9.0  5 2 3 4.0 5 6 7 8.0 9.0  1 2 3 4.0 5 6 7 8.0 9.0  2 2 3 4.0 5 6 7 8.0 9.0  3 2 3 4.0 5 6 7 8.0 9.0  4 2 3 4.0 5 6 7 8.0 9.0  5 2 3 4.0 5 6 7 8.0 9.0  
15 2.0 5 6.0 1 2 3 4.0 5 6 7 8.0 9.0  2 2 3 4.0 5 6 7 8.0 9.0  3 2 3 4.0 5 6 7 8.0 9.0  4 2 3 4.0 5 6 7 8.0 9.0  5 2 3 4.0 5 6 7 8.0 9.0  1 2 3 4.0 5 6 7 8.0 9.0  2 2 3 4.0 5 6 7 8.0 9.0  3 2 3 4.0 5 6 7 8.0 9.0  4 2 3 4.0 5 6 7 8.0 9.0  5 2 3 4.0 5 6 7 8.0 9.0 1 2 3 4.0 5 6 7 8.0 9.0  2 2 3 4.0 5 6 7 8.0 9.0  3 2 3 4.0 5 6 7 8.0 9.0  4 2 3 4.0 5 6 7 8.0 9.0  5 2 3 4.0 5 6 7 8.0 9.0  1 2 3 4.0 5 6 7 8.0 9.0  2 2 3 4.0 5 6 7 8.0 9.0  3 2 3 4.0 5 6 7 8.0 9.0  4 2 3 4.0 5 6 7 8.0 9.0  5 2 3 4.0 5 6 7 8.0 9.0  
16 2.0 5 6.0 1 2 3 4.0 5 6 7 8.0 9.0  2 2 3 4.0 5 6 7 8.0 9.0  3 2 3 4.0 5 6 7 8.0 9.0  4 2 3 4.0 5 6 7 8.0 9.0  5 2 3 4.0 5 6 7 8.0 9.0  1 2 3 4.0 5 6 7 8.0 9.0  2 2 3 4.0 5 6 7 8.0 9.0  3 2 3 4.0 5 6 7 8.0 9.0  4 2 3 4.0 5 6 7 8.0 9.0  5 2 3 4.0 5 6 7 8.0 9.0 1 2 3 4.0 5 6 7 8.0 9.0  2 2 3 4.0 5 6 7 8.0 9.0  3 2 3 4.0 5 6 7 8.0 9.0  4 2 3 4.0 5 6 7 8.0 9.0  5 2 3 4.0 5 6 7 8.0 9.0  1 2 3 4.0 5 6 7 8.0 9.0  2 2 3 4.0 5 6 7 8.0 9.0  3 2 3 4.0 5 6 7 8.0 9.0  4 2 3 4.0 5 6 7 8.0 9.0  5 2 3 4.0 5 6 7 8.0 9.0  
17 2.0 5 6.0 1 2 3 4.0 5 6 7 8.0 9.0  2 2 3 4.0 5 6 7 8.0 9.0  3 2 3 4.0 5 6 7 8.0 9.0  4 2 3 4.0 5 6 7 8.0 9.0  5 2 3 4.0 5 6 7 8.0 9.0  1 2 3 4.0 5 6 7 8.0 9.0  2 2 3 4.0 5 6 7 8.0 9.0  3 2 3 4.0 5 6 7 8.0 9.0  4 2 3 4.0 5 6 7 8.0 9.0  5 2 3 4.0 5 6 7 8.0 9.0 1 2 3 4.0 5 6 7 8.0 9.0  2 2 3 4.0 5 6 7 8.0 9.0  3 2 3 4.0 5 6 7 8.0 9.0  4 2 3 4.0 5 6 7 8.0 9.0  5 2 3 4.0 5 6 7 8.0 9.0  1 2 3 4.0 5 6 7 8.0 9.0  2 2 3 4.0 5 6 7 8.0 9.0  3 2 3 4.0 5 6 7 8.0 9.0  4 2 3 4.0 5 6 7 8.0 9.0  5 2 3 4.0 5 6 7 8.0 9.0  
19 2.0 5 6.0 1 2 3 4.0 5 6 7 8.0 9.0  2 2 3 4.0 5 6 7 8.0 9.0  3 2 3 4.0 5 6 7 8.0 9.0  4 2 3 4.0 5 6 7 8.0 9.0  5 2 3 4.0 5 6 7 8.0 9.0  1 2 3 4.0 5 6 7 8.0 9.0  2 2 3 4.0 5 6 7 8.0 9.0  3 2 3 4.0 5 6 7 8.0 9.0  4 2 3 4.0 5 6 7 8.0 9.0  5 2 3 4.0 5 6 7 8.0 9.0 1 2 3 4.0 5 6 7 8.0 9.0  2 2 3 4.0 5 6 7 8.0 9.0  3 2 3 4.0 5 6 7 8.0 9.0  4 2 3 4.0 5 6 7 8.0 9.0  5 2 3 4.0 5 6 7 8.0 9.0  1 2 3 4.0 5 6 7 8.0 9.0  2 2 3 4.0 5 6 7 8.0 9.0  3 2 3 4.0 5 6 7 8.0 9.0  4 2 3 4.0 5 6 7 8.0 9.0  5 2 3 4.0 5 6 7 8.0 9.0  
20 2.0 5 6.0 1 2 3 4.0 5 6 7 8.0 9.0  2 2 3 4.0 5 6 7 8.0 9.0  3 2 3 4.0 5 6 7 8.0 9.0  4 2 3 4.0 5 6 7 8.0 9.0  5 2 3 4.0 5 6 7 8.0 9.0  1 2 3 4.0 5 6 7 8.0 9.0  2 2 3 4.0 5 6 7 8.0 9.0  3 2 3 4.0 5 6 7 8.0 9.0  4 2 3 4.0 5 6 7 8.0 9.0  5 2 3 4.0 5 6 7 8.0 9.0 1 2 3 4.0 5 6 7 8.0 9.0  2 2 3 4.0 5 6 7 8.0 9.0  3 2 3 4.0 5 6 7 8.0 9.0  4 2 3 4.0 5 6 7 8.0 9.0  5 2 3 4.0 5 6 7 8.0 9.0  1 2 3 4.0 5 6 7 8.0 9.0  2 2 3 4.0 5 6 7 8.0 9.0  3 2 3 4.0 5 6 7 8.0 9.0  4 2 3 4.0 5 6 7 8.0 9.0  5 2 3 4.0 5 6 7 8.0 9.0  
21 2.0 5 6.0 1 2 3 4.0 5 6 7 8.0 9.0  2 2 3 4.0 5 6 7 8.0 9.0  3 2 3 4.0 5 6 7 8.0 9.0  4 2 3 4.0 5 6 7 8.0 9.0  5 2 3 4.0 5 6 7 8.0 9.0  1 2 3 4.0 5 6 7 8.0 9.0  2 2 3 4.0 5 6 7 8.0 9.0  3 2 3 4.0 5 6 7 8.0 9.0  4 2 3 4.0 5 6 7 8.0 9.0  5 2 3 4.0 5 6 7 8.0 9.0 1 2 3 4.0 5 6 7 8.0 9.0  2 2 3 4.0 5 6 7 8.0 9.0  3 2 3 4.0 5 6 7 8.0 9.0  4 2 3 4.0 5 6 7 8.0 9.0  5 2 3 4.0 5 6 7 8.0 9.0  1 2 3 4.0 5 6 7 8.0 9.0  2 2 3 4.0 5 6 7 8.0 9.0  3 2 3 4.0 5 6 7 8.0 9.0  4 2 3 4.0 5 6 7 8.0 9.0  5 2 3 4.0 5 6 7 8.0 9.0  
22 2.0 5 6.0 1 2 3 4.0 5 6 7 8.0 9.0  2 2 3 4.0 5 6 7 8.0 9.0  3 2 3 4.0 5 6 7 8.0 9.0  4 2 3 4.0 5 6 7 8.0 9.0  5 2 3 4.0 5 6 7 8.0 9.0  1 2 3 4.0 5 6 7 8.0 9.0  2 2 3 4.0 5 6 7 8.0 9.0  3 2 3 4.0 5 6 7 8.0 9.0  4 2 3 4.0 5 6 7 8.0 9.0  5 2 3 4.0 5 6 7 8.0 9.0 1 2 3 4.0 5 6 7 8.0 9.0  2 2 3 4.0 5 6 7 8.0 9.0  3 2 3 4.0 5 6 7 8.0 9.0  4 2 3 4.0 5 6 7 8.0 9.0  5 2 3 4.0 5 6 7 8.0 9.0  1 2 3 4.0 5 6 7 8.0 9.0  2 2 3 4.0 5 6 7 8.0 9.0  3 2 3 4.0 5 6 7 8.0 9.0  4 2 3 4.0 5 6 7 8.0 9.0  5 2 3 4.0 5 6 7 8.0 9.0  
23 2.0 5 6.0 1 2 3 4.0 5 6 7 8.0 9.0  2 2 3 4.0 5 6 7 8.0 9.0  3 2 3 4.0 5 6 7 8.0 9.0  4 2 3 4.0 5 6 7 8.0 9.0  5 2 3 4.0 5 6 7 8.0 9.0 1 2 3 4.0 5 6 7 8.0 9.0  2 2 3 4.0 5 6 7 8.0 9.0  3 2 3 4.0 5 6 7 8.0 9.0  4 2 3 4.0 5 6 7 8.0 9.0  5 2 3 4.0 5 6 7 8.0 9.0  
24 2.0 5 6.0 1 2 3 4.0 5 6 7 8.0 9.0  2 2 3 4.0 5 6 7 8.0 9.0  3 2 3 4.0 5 6 7 8.0 9.0  4 2 3 4.0 5 6 7 8.0 9.0  5 2 3 4.0 5 6 7 8.0 9.0 1 2 3 4.0 5 6 7 8.0 9.0  2 2 3 4.0 5 6 7 8.0 9.0  3 2 3 4.0 5 6 7 8.0 9.0  4 2 3 4.0 5 6 7 8.0 9.0  5 2 3 4.0 5 6 7 8.0 9.0  
